[welcome_page.jpg]
filters=enhance=1;autocolor=1;enhance=1;autolight=1;autocolor=1;fill=1,0.616822;enhance=1;finetune2=1,0.000000,0.056140,0.000000,00000000,0.391813;PicnikTint=1,57.894737,ff12aaf3;Invert=1;CrossProcess=1,39.181286;
backuphash=13233
text=1;147;16;Examine yourself;Humanst521 BT;0.246327,0.449929,0.072222,0.000000;v1,4291223666,4278190080,128.000000,1.000000,0.500000,0.617188,700,258,49152;;
textactive=1
